epoch,loss,lr,mean_squared_error,val_loss,val_mean_squared_error
0,0.1448444004356861,0.01,0.011369736706838012,0.13733098059892654,0.008530480088666081
1,0.14079560652375223,0.01,0.008745424002408981,0.1373322457075119,0.00853060008957982
2,0.14079586267471314,0.01,0.008745435988530517,0.13733224719762802,0.008530599903315306
3,0.14079586148262024,0.01,0.00874543604440987,0.1373322442173958,0.008530599903315306
4,0.14079586118459703,0.01,0.008745436035096645,0.1373322457075119,0.00853060008957982
5,0.14079586192965507,0.01,0.008745435997843743,0.13733225017786027,0.008530599903315306
6,0.14079586163163185,0.01,0.008745436016470194,0.13733224719762802,0.008530599903315306
7,0.14079586192965507,0.005,0.00874543602578342,0.1373322442173958,0.00853060008957982
8,0.1407958622276783,0.005,0.008745435988530517,0.1373322531580925,0.008530599996447563
9,0.1407958622276783,0.005,0.008745436007156968,0.1373322442173958,0.008530600043013693
10,0.14079586192965507,0.005,0.008745435969904064,0.13733225017786027,0.008530600182712077
11,0.14079586088657378,0.005,0.008745436016470194,0.13733224719762802,0.00853060008957982
12,0.14079586237668992,0.005,0.008745435988530517,0.1373322457075119,0.008530599996447563
13,0.14079586297273636,0.005,0.00874543604440987,0.13733225017786027,0.008530599903315306
14,0.14079586029052735,0.005,0.008745435979217292,0.13733225017786027,0.008530599996447563
15,0.14079586207866668,0.005,0.008745435988530517,0.1373322457075119,0.008530599996447563
16,0.14079586043953896,0.005,0.008745436016470194,0.13733224868774413,0.008530599996447563
17,0.14079586118459703,0.005,0.008745435988530517,0.1373322442173958,0.008530599996447563
18,0.14079586118459703,0.005,0.008745436007156968,0.13733225017786027,0.008530599996447563
19,0.14079586192965507,0.005,0.008745435969904064,0.13733225017786027,0.008530599810183049
20,0.14079586192965507,0.005,0.00874543602578342,0.1373322457075119,0.008530599996447563
21,0.14079586237668992,0.005,0.008745435997843743,0.1373322442173958,0.008530599996447563
22,0.14079586133360864,0.005,0.008745436007156968,0.13733224719762802,0.00853060008957982
23,0.14079586118459703,0.005,0.008745435997843743,0.13733224868774413,0.008530599996447563
0,0.14389257736504077,0.01,0.011450976459309458,0.1414930924773216,0.00877852002158761
1,0.14058597192168235,0.01,0.008722240030765533,0.1414930984377861,0.008778519928455353
2,0.1405859723687172,0.01,0.008722239974886178,0.14149310141801835,0.00877852002158761
3,0.14058597147464752,0.01,0.008722239993512631,0.14149310141801835,0.008778520114719867
4,0.14058597072958945,0.0009999999,0.008722239974886178,0.14149309396743776,0.00877852002158761
5,0.14058597058057784,0.0009999999,0.008722240040078759,0.14149309545755387,0.008778519928455353
