epoch,loss,lr,mean_squared_error,val_loss,val_mean_squared_error
0,0.35411338835954664,0.01,0.022484379052184523,0.3506704896688461,0.02175631994381547
1,0.35326050765812395,0.01,0.02191700994968414,0.3506704914569855,0.02175632003694773
0,0.3541050101071596,0.05,0.02250219661742449,0.3506704914569855,0.021756320018321274
1,0.3532605081796646,0.05,0.02191700996365398,0.3506704920530319,0.02175632003694773
2,0.3532605066895485,0.05,0.02191701001022011,0.35067049115896226,0.021756319981068372
3,0.353260508030653,0.05,0.021917009979952128,0.35067049235105513,0.021756319999694823
4,0.3532605066895485,0.05,0.021917010066099463,0.35067049235105513,0.02175631996244192
5,0.353260508030653,0.05,0.021917009982280432,0.3506704917550087,0.021756319906562568
6,0.35326050750911236,0.05,0.02191701003815979,0.35067049115896226,0.02175631992518902
7,0.3532605064660311,0.05,0.02191700999159366,0.35067049026489255,0.021756319981068372
0,0.35408808939158914,0.01,0.02249500441364944,0.35067049235105513,0.021756319981068372
1,0.3532605078816414,0.01,0.021917010019533337,0.3506704905629158,0.021756320018321274
2,0.3532605078071356,0.01,0.02191701002884656,0.3506704893708229,0.02175632003694773
3,0.35326050739735365,0.01,0.021917009993921967,0.35067049384117127,0.02175631996244192
4,0.35326050736010073,0.005,0.021917010045144708,0.3506704896688461,0.021756320018321274
5,0.353260508030653,0.005,0.02191701002186164,0.35067049324512484,0.02175631992518902
6,0.353260508403182,0.005,0.021917010000906886,0.3506704920530319,0.021756319999694823
7,0.35326050870120523,0.0025,0.02191700997762382,0.35067049235105513,0.02175632005557418
8,0.35326050654053687,0.0025,0.02191701002884656,0.3506704917550087,0.021756319981068372
9,0.3532605069875717,0.0025,0.02191700999159366,0.3506704920530319,0.02175631985068321
0,0.17173455450683833,0.01,0.029378289962187408,0.1126515030860901,0.02266967687755823
1,0.11070181615650654,0.01,0.022012186935171485,0.1056061938405037,0.021312345564365388
2,0.10465677082538605,0.01,0.02143189972266555,0.10352989584207535,0.021243463270366192
3,0.10407141279429197,0.01,0.021390273654833435,0.10312885865569114,0.02121558301150799
4,0.10393940582871437,0.01,0.021381589118391275,0.10309902504086495,0.02120707035064697
5,0.10354978274554014,0.01,0.021360027976334094,0.10281701982021332,0.021181334368884565
6,0.10388556253165007,0.01,0.02136823460459709,0.10228198617696763,0.021165206842124463
7,0.10283868312835694,0.01,0.021307331789284945,0.10178044885396957,0.0211320074275136
8,0.10210603829473257,0.01,0.02126763965934515,0.10120972096920014,0.02110201772302389
9,0.1017396230250597,0.01,0.02124682320281863,0.10112014934420585,0.021094745397567748
